# NLO ptH {ptmin, ptmax, center, min, max, err}
0.0 10.0 0.00548468627576 0.00542700725357 0.00555836745714 2.35337267595e-06
10.0 20.0 0.0157880651212 0.0156308498214 0.0159898662857 7.93193884226e-06
20.0 30.0 0.0242639149091 0.0240418586786 0.0245546568929 9.05516004954e-06
30.0 40.0 0.0302260295758 0.0299723454286 0.03055891125 8.97575343297e-06
40.0 50.0 0.0335156510909 0.0332572265357 0.0338509822143 1.50525287335e-05
50.0 60.0 0.034426539 0.0341878746786 0.0347372495357 1.62779485578e-05
60.0 70.0 0.0334618736667 0.0332483973929 0.0337322844286 1.30548078947e-05
70.0 80.0 0.0312118861515 0.0310253619286 0.0314311626071 1.57303056473e-05
80.0 90.0 0.0282209791212 0.0280635535714 0.0283962654643 1.76814079734e-05
90.0 100.0 0.0249177824545 0.024789817 0.0250487196071 1.46112835082e-05
100.0 110.0 0.0216001599697 0.0214974057857 0.0216940679643 1.24417923384e-05
110.0 120.0 0.0184651790303 0.0183809549643 0.0185369459032 7.97394669175e-06
120.0 130.0 0.0156291588788 0.0155603877143 0.0156826061613 1.18137002717e-05
130.0 140.0 0.013130348303 0.0130763470357 0.0131743353571 7.82033432184e-06
140.0 150.0 0.0109736830303 0.0109298555357 0.0110157279643 8.17681495329e-06
150.0 160.0 0.00913674902424 0.00910261046071 0.00917427410714 7.22414351381e-06
160.0 170.0 0.00759341948788 0.00756594184643 0.00762747883214 6.54676045278e-06
170.0 180.0 0.00630497155758 0.00628220277143 0.00633528738571 5.18976397543e-06
180.0 190.0 0.00523623462727 0.0052190882 0.00526180245 5.37793948903e-06
190.0 200.0 0.00435115619394 0.00433841163571 0.00437360385 4.47275052072e-06
200.0 210.0 0.00362102825152 0.00361001990714 0.00363932367857 3.449080131e-06
210.0 220.0 0.00301969707576 0.00301141400357 0.00303564590714 3.71388406667e-06
220.0 230.0 0.00252124782121 0.00251368118571 0.00253532844643 2.96915418625e-06
230.0 240.0 0.00211204956364 0.00210534942857 0.00212498473214 2.39657332245e-06
240.0 250.0 0.00177347019697 0.00176764729286 0.00178396782143 2.31991235213e-06
250.0 260.0 0.00149185901818 0.00148580664643 0.001501054675 1.87222816659e-06
260.0 270.0 0.00125874822424 0.00125344896429 0.00126666663571 2.27363963353e-06
270.0 280.0 0.0010652003 0.00106015288214 0.00107204581429 1.67569143975e-06
280.0 290.0 0.000904276573636 0.000899248316786 0.0009099783 1.48370047635e-06
290.0 300.0 0.000768743605758 0.000764458019643 0.0007740044125 1.42768755013e-06
300.0 310.0 0.000656493696061 0.000652587921429 0.000660877480357 1.12350294369e-06
310.0 320.0 0.000561858750303 0.000558132514286 0.000565670295357 1.00155806815e-06
320.0 330.0 0.000482016618485 0.000478886267857 0.000485469 1.00825110089e-06
330.0 340.0 0.00041471370697 0.000411845821786 0.000417682665 9.1217701346e-07
340.0 350.0 0.000357425559394 0.000354872078571 0.000360105748929 9.11023921379e-07
350.0 360.0 0.000308997874242 0.000306861377857 0.000311052018214 8.14732586562e-07
360.0 370.0 0.000267819919697 0.000265820881429 0.000269771192857 8.34244046834e-07
370.0 380.0 0.000233156307576 0.000230813228571 0.000234973046071 7.093720201e-07
380.0 390.0 0.000202637103333 0.000201079623214 0.000204187506786 6.00736197764e-07
390.0 400.0 0.000177040488182 0.000175382321429 0.00017832902 5.83809902256e-07
400.0 410.0 0.000154615264848 0.000153203996786 0.000155854897857 5.33966573738e-07
410.0 420.0 0.000135716693939 0.00013436874 0.000136673618929 5.33759423137e-07
420.0 430.0 0.000119182456061 0.000117986006429 0.00012016532 3.94771917638e-07
430.0 440.0 0.000104900090606 0.000103847848571 0.000105760887143 4.00798367347e-07
440.0 450.0 9.26415103636e-05 9.158343775e-05 9.33037131429e-05 4.11107951409e-07
450.0 460.0 8.17767436061e-05 8.09729561071e-05 8.25019201429e-05 3.05853918154e-07
460.0 470.0 7.24313213939e-05 7.15592020714e-05 7.30337319286e-05 3.19843099839e-07
470.0 480.0 6.41684822424e-05 6.34460872143e-05 6.46291837143e-05 3.06759972454e-07
480.0 490.0 5.69805794545e-05 5.64080162857e-05 5.74741768929e-05 3.21973127815e-07
490.0 500.0 5.07231261515e-05 5.00514883214e-05 5.1116516e-05 2.34392387224e-07
500.0 510.0 4.52125982121e-05 4.45921160357e-05 4.56123269643e-05 2.48007801773e-07
510.0 520.0 4.03254055758e-05 3.98242313571e-05 4.06892488571e-05 2.43843758122e-07
520.0 530.0 3.60828377273e-05 3.57051859643e-05 3.63655618571e-05 1.68804081709e-07
530.0 540.0 3.24040086667e-05 3.19248081071e-05 3.27074401786e-05 1.86652036088e-07
540.0 550.0 2.89839504848e-05 2.85460085714e-05 2.92999460714e-05 2.0559147012e-07
550.0 560.0 2.60136278182e-05 2.56446040357e-05 2.62123828929e-05 1.4859364875e-07
560.0 570.0 2.33857669394e-05 2.30794683214e-05 2.3590295e-05 1.7663876721e-07
570.0 580.0 2.10581437879e-05 2.07702158214e-05 2.12770035e-05 1.74693926666e-07
580.0 590.0 1.90018097879e-05 1.87146679643e-05 1.91358907143e-05 1.87779446657e-07
590.0 600.0 1.71590012121e-05 1.693413125e-05 1.73711664286e-05 1.55796831664e-07
600.0 610.0 1.55161109697e-05 1.52631971786e-05 1.56496561429e-05 1.52060498693e-07
610.0 620.0 1.40369730909e-05 1.37816940357e-05 1.41436087857e-05 1.21406820739e-07
620.0 630.0 1.269249e-05 1.25073175357e-05 1.28083658214e-05 1.15947706895e-07
630.0 640.0 1.1520775e-05 1.13273685e-05 1.16482741786e-05 8.37096653014e-08
640.0 650.0 1.04445545758e-05 1.02992501214e-05 1.05477520714e-05 1.07650705997e-07
650.0 660.0 9.50135571515e-06 9.30003335714e-06 9.59819882857e-06 1.18101663952e-07
660.0 670.0 8.61622748182e-06 8.47602568571e-06 8.68397625357e-06 9.50817024087e-08
670.0 680.0 7.84754349091e-06 7.72552457143e-06 7.94119046786e-06 8.93257114641e-08
680.0 690.0 7.1874359e-06 7.03211428214e-06 7.23127386786e-06 8.49935537218e-08
690.0 700.0 6.52449631212e-06 6.41838903571e-06 6.61173441429e-06 6.97166270657e-08
700.0 710.0 5.96155722121e-06 5.87317033929e-06 6.03102428929e-06 7.54541202366e-08
710.0 720.0 5.46689873939e-06 5.35462252857e-06 5.50389464286e-06 6.46760670298e-08
720.0 730.0 4.97769034242e-06 4.88503600714e-06 5.04759088214e-06 6.88324274835e-08
730.0 740.0 4.55436268182e-06 4.47447019286e-06 4.60703095714e-06 5.57227283489e-08
740.0 750.0 4.18472761818e-06 4.09621962857e-06 4.22332675e-06 6.69142286054e-08
750.0 760.0 3.83763017879e-06 3.761451375e-06 3.88964512143e-06 6.46412108937e-08
760.0 770.0 3.5150557697e-06 3.45842184286e-06 3.55464937143e-06 4.93247720079e-08
770.0 780.0 3.24972139091e-06 3.16096125714e-06 3.27983823214e-06 5.44812480607e-08
780.0 790.0 2.95696712424e-06 2.90602327857e-06 2.99546519643e-06 5.38430772123e-08
790.0 800.0 2.73258230909e-06 2.67020686429e-06 2.76105790714e-06 4.81913361754e-08
800.0 810.0 2.50365601818e-06 2.45478546786e-06 2.54508487857e-06 4.36849833549e-08
810.0 820.0 2.31414437576e-06 2.26360007143e-06 2.331855575e-06 3.9965012193e-08
820.0 830.0 2.12177158788e-06 2.07770528571e-06 2.143599125e-06 4.10405859224e-08
830.0 840.0 1.96604982121e-06 1.92190252857e-06 1.97998011429e-06 4.48881983702e-08
840.0 850.0 1.81424549091e-06 1.78153825357e-06 1.83415995357e-06 3.38495228528e-08
850.0 860.0 1.68134992424e-06 1.639345625e-06 1.70105692857e-06 3.19940961095e-08
860.0 870.0 1.54577890606e-06 1.51799027857e-06 1.573844175e-06 3.4141286356e-08
870.0 880.0 1.42967520606e-06 1.39430619643e-06 1.44295664286e-06 2.70045097804e-08
880.0 890.0 1.31216619091e-06 1.29209225714e-06 1.33714252143e-06 3.75340637955e-08
890.0 900.0 1.21912835758e-06 1.19986575e-06 1.231187375e-06 3.27291916489e-08
900.0 910.0 1.13892430303e-06 1.10270447857e-06 1.15643207143e-06 2.5398771182e-08
910.0 920.0 1.04015845182e-06 1.01466717393e-06 1.05876835357e-06 2.5709023307e-08
920.0 930.0 9.71025095455e-07 9.46692159643e-07 9.78109567857e-07 3.20325602856e-08
930.0 940.0 8.92394507576e-07 8.72543755714e-07 9.02050263929e-07 2.73249072347e-08
940.0 950.0 8.40754001515e-07 8.16080466786e-07 8.52321904643e-07 2.46815331949e-08
950.0 960.0 7.72942304242e-07 7.58097688571e-07 7.78891435357e-07 2.36168624485e-08
960.0 970.0 7.26014498182e-07 7.032557675e-07 7.35255646786e-07 2.98693918101e-08
970.0 980.0 6.67181575758e-07 6.50343977857e-07 6.79421962857e-07 1.76142416609e-08
980.0 990.0 6.18650821818e-07 6.01943830357e-07 6.29919439355e-07 2.26369870052e-08
990.0 1000.0 5.77966214848e-07 5.61214685357e-07 5.84834823571e-07 2.60186319833e-08