# NNLO ptH {ptmin, ptmax, center, min, max, err}
0.0 10.0 0.00540805599444 0.00538301863 0.00544467025 1.87750151483e-06
10.0 20.0 0.0155751487778 0.0155059661 0.0156728818333 8.06271407052e-06
20.0 30.0 0.0239465425556 0.02385209035 0.0240905455556 8.70949892678e-06
30.0 40.0 0.0298505929444 0.02973901135 0.0300176428333 9.0929085004e-06
40.0 50.0 0.0331219058889 0.03300693735 0.0332927467222 1.3866153404e-05
50.0 60.0 0.0340486202778 0.033942465 0.0342127231667 1.69924036551e-05
60.0 70.0 0.0331146862222 0.0330162842778 0.0332576941111 1.30582124781e-05
70.0 80.0 0.0308996381111 0.0308135913889 0.0310227375 1.47365955039e-05
80.0 90.0 0.0279527262778 0.0278764398889 0.0280600911111 1.54510895668e-05
90.0 100.0 0.0246954438333 0.0246299995 0.0247779808333 1.10787653976e-05
100.0 110.0 0.0214178751111 0.021364385 0.0214856367222 1.75956376809e-05
110.0 120.0 0.0183144452222 0.0182691381111 0.0183686596667 8.84128588302e-06
120.0 130.0 0.0155044517222 0.0154701488333 0.0155460836111 1.08807335977e-05
130.0 140.0 0.0130344182778 0.0130051957222 0.0130643779444 6.5562839888e-06
140.0 150.0 0.0108962586667 0.0108707865556 0.0109228909444 7.2508213409e-06
150.0 160.0 0.00907458237222 0.00905552902778 0.00909510852222 6.6038686918e-06
160.0 170.0 0.00754503010556 0.00752911773333 0.00755942182778 5.80116608749e-06
170.0 180.0 0.00626583026667 0.00625191470556 0.00627787196667 4.46998581166e-06
180.0 190.0 0.00520567197778 0.00519563528333 0.00521374420556 4.89076976181e-06
190.0 200.0 0.00432606229444 0.00431764936667 0.0043330985 4.47307891101e-06
200.0 210.0 0.00360209901667 0.00359323243333 0.00360623712222 3.6797505998e-06
210.0 220.0 0.0030035699 0.00299781419444 0.00300780855556 4.08289380637e-06
220.0 230.0 0.00250751111667 0.00250295836667 0.00251110194444 2.81420532033e-06
230.0 240.0 0.00210090096667 0.00209757785 0.00210368661111 1.988927628e-06
240.0 250.0 0.00176498155556 0.00176150288333 0.00176700552667 1.99426515118e-06
250.0 260.0 0.00148456275556 0.00148150639444 0.00148595168667 1.5663441081e-06
260.0 270.0 0.00125317086111 0.00125096835556 0.00125425722222 1.93977519866e-06
270.0 280.0 0.00106068073889 0.00105875692778 0.00106191845556 2.07828861613e-06
280.0 290.0 0.000899988346111 0.000898549592778 0.0009007945435 1.76075327146e-06
290.0 300.0 0.000765805702222 0.000764045133889 0.0007663840685 1.77702136448e-06
300.0 310.0 0.000653614944444 0.000652339985556 0.000654213529 1.27864216577e-06
310.0 320.0 0.000559429692222 0.000558630192222 0.000559970779444 1.18331144746e-06
320.0 330.0 0.000480218552778 0.000479099333889 0.000480682519444 1.02386109551e-06
330.0 340.0 0.000413111008333 0.000412297677222 0.0004134680685 7.68212750229e-07
340.0 350.0 0.000356524174444 0.000355735196111 0.000356602416 9.95684251961e-07
350.0 360.0 0.000308115193889 0.000307355996667 0.000308228022222 7.3642748078e-07
360.0 370.0 0.000266954491111 0.000266408342778 0.000267295838 6.00246398209e-07
370.0 380.0 0.000232329647778 0.000231845058889 0.000232603538667 7.19603192915e-07
380.0 390.0 0.000201893575556 0.000201493267222 0.0002021939055 7.12745063838e-07
390.0 400.0 0.000176682863333 0.00017645948 0.000176776490556 5.65416783891e-07
400.0 410.0 0.000154231910556 0.000153998656111 0.0001543766225 5.30815258186e-07
410.0 420.0 0.000135198770556 0.000134949713889 0.000135345994667 5.03664444067e-07
420.0 430.0 0.000118890324444 0.000118665124444 0.000119040579333 3.84002489502e-07
430.0 440.0 0.000104598477222 0.000104329439444 0.0001047304785 4.36781439217e-07
440.0 450.0 9.22884392222e-05 9.21084401111e-05 9.23497022778e-05 3.47615005939e-07
450.0 460.0 8.15950303889e-05 8.14663926111e-05 8.167001185e-05 3.33709336256e-07
460.0 470.0 7.23341844444e-05 7.21631125e-05 7.24173173333e-05 3.10273899576e-07
470.0 480.0 6.40656083333e-05 6.3826096e-05 6.40656083333e-05 3.04028882455e-07
480.0 490.0 5.68887913333e-05 5.68263789444e-05 5.69913258e-05 3.02780861058e-07
490.0 500.0 5.05896162222e-05 5.04462262222e-05 5.063329875e-05 2.26286935317e-07
500.0 510.0 4.51293402222e-05 4.50647945e-05 4.52126779e-05 2.74192698067e-07
510.0 520.0 4.02186767222e-05 4.01685226667e-05 4.031205685e-05 1.83931496643e-07
520.0 530.0 3.59842646111e-05 3.5895216e-05 3.60331718333e-05 2.02265043417e-07
530.0 540.0 3.2380967e-05 3.23070819444e-05 3.24011667333e-05 1.7096462467e-07
540.0 550.0 2.89146152778e-05 2.886045115e-05 2.901267365e-05 1.90370630552e-07
550.0 560.0 2.59403352778e-05 2.58643192778e-05 2.595971855e-05 1.55397432206e-07
560.0 570.0 2.33267324444e-05 2.33037776111e-05 2.33477772e-05 1.89220164735e-07
570.0 580.0 2.10703208889e-05 2.10295341667e-05 2.10813123333e-05 2.22481194129e-07
580.0 590.0 1.89143222222e-05 1.89143222222e-05 1.89554638889e-05 1.76674267799e-07
590.0 600.0 1.71537615556e-05 1.71226288667e-05 1.7173726e-05 1.62030684789e-07
600.0 610.0 1.55182066667e-05 1.54420355556e-05 1.55182066667e-05 1.56750981287e-07
610.0 620.0 1.40469681667e-05 1.39977911111e-05 1.40469681667e-05 1.4145666676e-07
620.0 630.0 1.26615272222e-05 1.26059548333e-05 1.269927115e-05 1.42615761866e-07
630.0 640.0 1.15041934444e-05 1.14725502222e-05 1.15218135e-05 8.74319618616e-08
640.0 650.0 1.04195011667e-05 1.04175876667e-05 1.04585332222e-05 9.99398050436e-08
650.0 660.0 9.47546185556e-06 9.43944462e-06 9.516060635e-06 9.13717161713e-08
660.0 670.0 8.59059022778e-06 8.57880446667e-06 8.611126425e-06 1.12569937482e-07
670.0 680.0 7.85388392222e-06 7.81094212222e-06 7.86191189333e-06 9.98813847193e-08
680.0 690.0 7.16475915e-06 7.15525616111e-06 7.18601652e-06 8.59656166316e-08
690.0 700.0 6.5406354e-06 6.52236521111e-06 6.5482779e-06 6.25215168863e-08
700.0 710.0 5.95786946667e-06 5.94972660667e-06 5.970844865e-06 6.60616922168e-08
710.0 720.0 5.46183523889e-06 5.43157365e-06 5.468288835e-06 4.95115947587e-08
720.0 730.0 4.98637381111e-06 4.97940968333e-06 5.00451118333e-06 8.79022814753e-08
730.0 740.0 4.56217809444e-06 4.53088264444e-06 4.56217809444e-06 7.79450057028e-08
740.0 750.0 4.19027273333e-06 4.16117143889e-06 4.191716775e-06 5.13743554166e-08
750.0 760.0 3.82980208889e-06 3.8216517e-06 3.84359715e-06 6.14178795291e-08
760.0 770.0 3.52264517222e-06 3.50313926667e-06 3.52264517222e-06 5.49370388766e-08
770.0 780.0 3.24424661111e-06 3.22625572778e-06 3.24424661111e-06 3.87291214387e-08
780.0 790.0 2.97015851667e-06 2.95287732778e-06 2.97742867e-06 5.79142403314e-08
790.0 800.0 2.72443975556e-06 2.71169216e-06 2.73121724444e-06 4.2135653311e-08
800.0 810.0 2.50720556667e-06 2.49739816111e-06 2.50720556667e-06 4.32548970148e-08
810.0 820.0 2.30982176667e-06 2.29972158889e-06 2.3142345e-06 3.9983536392e-08
820.0 830.0 2.14501119444e-06 2.12363492e-06 2.14501119444e-06 4.09767493836e-08
830.0 840.0 1.96350311667e-06 1.95379782222e-06 1.97559814e-06 4.25538638925e-08
840.0 850.0 1.81002235e-06 1.80114174667e-06 1.82186786e-06 3.20975735045e-08
850.0 860.0 1.65748117778e-06 1.65748117778e-06 1.676519405e-06 2.3624326795e-08
860.0 870.0 1.57018349444e-06 1.55459068333e-06 1.57285988e-06 2.89562439491e-08
870.0 880.0 1.42334611667e-06 1.42185575556e-06 1.43536649444e-06 2.93018012963e-08
880.0 890.0 1.33258125556e-06 1.31569052778e-06 1.33336613333e-06 3.18889692458e-08
890.0 900.0 1.21858308333e-06 1.21290755e-06 1.22012392778e-06 3.12679493064e-08
900.0 910.0 1.14269071111e-06 1.13306250556e-06 1.145041695e-06 2.82413311337e-08
910.0 920.0 1.05295386667e-06 1.03142581e-06 1.05295386667e-06 2.37189034136e-08
920.0 930.0 9.68188146111e-07 9.59439611111e-07 9.76251931667e-07 2.92351518383e-08
930.0 940.0 8.94179029444e-07 8.85626934667e-07 8.986411195e-07 2.54440873873e-08
940.0 950.0 8.36934345556e-07 8.26192392778e-07 8.40711702778e-07 2.19219933669e-08
950.0 960.0 7.61664353333e-07 7.59848699444e-07 7.72555344444e-07 2.28774119426e-08
960.0 970.0 7.23452695e-07 7.189934935e-07 7.26899267778e-07 2.68629315535e-08
970.0 980.0 6.73260320556e-07 6.68428015e-07 6.76486485e-07 2.17080628456e-08
980.0 990.0 6.19263648333e-07 6.158687725e-07 6.197230655e-07 1.85423705691e-08
990.0 1000.0 5.82956314444e-07 5.68761458889e-07 5.82956314444e-07 2.24470950252e-08